a0=[
0 1 0 1 0 0 
0 0 1 0 1 0 
0 1 0 0 0 1 
0 1 1 1 1 1 
0 1 0 0 0 1 
1 0 0 0 0 1 
];
a1=[
0 0 0 1 0 0 
0 0 1 0 1 0 
0 0 0 0 0 1 
0 1 1 1 1 1 
0 1 0 0 0 1 
1 0 0 0 0 1 
];
a2=[
0 0 0 1 0 0 
1 0 1 0 1 0 
0 1 0 0 0 1 
0 1 1 1 1 1 
0 1 0 0 0 1 
1 0 0 0 0 1 
];
a3=[
0 0 0 1 0 0 
0 0 0 0 1 0 
0 1 0 0 0 1 
0 1 1 1 1 1 
0 1 0 0 0 1 
1 0 0 0 0 1 
];
a4=[
0 0 0 1 0 0 
0 1 1 0 1 0 
0 1 0 0 0 1 
0 1 1 1 1 1 
0 1 0 0 0 1 
1 0 0 0 0 1 
];
a5=[
0 0 1 1 0 0 
0 0 1 0 1 0 
0 1 0 0 0 1 
0 1 1 1 1 1 
0 1 0 0 0 1 
1 0 0 0 0 1 
];
a6=[
0 0 0 1 0 0 
0 0 1 0 1 0 
0 1 1 0 0 1 
0 1 1 1 1 1 
0 1 0 0 0 1 
1 0 0 0 0 1 
];
a7=[
0 0 0 1 0 0 
0 1 1 0 1 0 
0 1 0 0 0 1 
0 1 1 1 1 1 
0 1 0 0 0 1 
1 0 0 0 0 1 
];
a8=[
0 0 0 1 0 0 
0 0 1 1 1 0 
0 1 0 0 0 1 
0 1 1 1 1 1 
0 1 0 0 0 1 
1 0 0 0 0 1 
];
a9=[
0 0 0 1 0 0 
0 0 0 0 1 0 
0 1 0 0 0 1 
0 1 1 1 1 1 
0 1 0 0 0 1 
1 0 0 0 0 1 
];
a10=[
0 0 0 0 0 0 
0 0 1 0 1 0 
0 1 0 0 0 1 
0 1 1 1 1 1 
0 1 0 0 0 1 
1 0 0 0 0 1 
];
a11=[
0 0 0 1 0 0 
0 0 1 0 1 0 
0 1 0 1 0 1 
0 1 1 1 1 1 
0 1 0 0 0 1 
1 0 0 0 0 1 
];
a12=[
0 0 0 1 0 0 
0 0 0 0 1 0 
0 1 0 0 0 1 
0 1 1 1 1 1 
0 1 0 0 0 1 
1 0 0 0 0 1 
];
a13=[
0 0 0 1 0 0 
0 0 1 0 0 0 
0 1 0 0 0 1 
0 1 1 1 1 1 
0 1 0 0 0 1 
1 0 0 0 0 1 
];
a14=[
0 0 0 1 0 0 
0 0 1 1 1 0 
0 1 0 0 0 1 
0 1 1 1 1 1 
0 1 0 0 0 1 
1 0 0 0 0 1 
];
a15=[
0 0 0 1 1 0 
0 0 1 0 1 0 
0 1 0 0 0 1 
0 1 1 1 1 1 
0 1 0 0 0 1 
1 0 0 0 0 1 
];
a16=[
0 0 0 1 0 0 
0 0 1 0 1 0 
0 1 0 0 1 1 
0 1 1 1 1 1 
0 1 0 0 0 1 
1 0 0 0 0 1 
];
a17=[
0 0 0 1 0 0 
0 0 1 1 1 0 
0 1 0 0 0 1 
0 1 1 1 1 1 
0 1 0 0 0 1 
1 0 0 0 0 1 
];
a18=[
0 0 0 1 0 0 
0 0 1 0 1 1 
0 1 0 0 0 1 
0 1 1 1 1 1 
0 1 0 0 0 1 
1 0 0 0 0 1 
];
a19=[
0 0 0 1 0 0 
0 0 1 0 0 0 
0 1 0 0 0 1 
0 1 1 1 1 1 
0 1 0 0 0 1 
1 0 0 0 0 1 
];
a20=[
0 0 0 1 0 0 
0 1 1 0 1 0 
0 1 0 0 0 1 
0 1 1 1 1 1 
0 1 0 0 0 1 
1 0 0 0 0 1 
];
a21=[
0 0 0 1 0 0 
0 0 1 0 1 0 
0 1 0 0 0 1 
0 0 1 1 1 1 
0 1 0 0 0 1 
1 0 0 0 0 1 
];
a22=[
0 0 0 1 0 0 
0 0 1 0 1 0 
1 1 0 0 0 1 
0 1 1 1 1 1 
0 1 0 0 0 1 
1 0 0 0 0 1 
];
a23=[
0 0 0 1 0 0 
0 0 1 0 1 0 
0 1 1 0 0 1 
0 1 1 1 1 1 
0 1 0 0 0 1 
1 0 0 0 0 1 
];
a24=[
0 0 0 1 0 0 
0 0 1 0 1 0 
0 0 0 0 0 1 
0 1 1 1 1 1 
0 1 0 0 0 1 
1 0 0 0 0 1 
];
a25=[
0 0 0 1 0 0 
0 0 0 0 1 0 
0 1 0 0 0 1 
0 1 1 1 1 1 
0 1 0 0 0 1 
1 0 0 0 0 1 
];
a26=[
0 0 0 1 0 0 
0 0 1 0 1 0 
0 1 0 0 0 1 
0 1 0 1 1 1 
0 1 0 0 0 1 
1 0 0 0 0 1 
];
a27=[
0 0 0 1 0 0 
0 0 1 0 1 0 
0 0 0 0 0 1 
0 1 1 1 1 1 
0 1 0 0 0 1 
1 0 0 0 0 1 
];
a28=[
0 0 0 1 0 0 
0 0 1 0 1 0 
0 1 0 1 0 1 
0 1 1 1 1 1 
0 1 0 0 0 1 
1 0 0 0 0 1 
];
a29=[
0 0 0 1 0 0 
0 0 1 0 1 0 
0 1 1 0 0 1 
0 1 1 1 1 1 
0 1 0 0 0 1 
1 0 0 0 0 1 
];
a30=[
0 0 0 1 0 0 
0 0 1 1 1 0 
0 1 0 0 0 1 
0 1 1 1 1 1 
0 1 0 0 0 1 
1 0 0 0 0 1 
];
a31=[
0 0 0 1 0 0 
0 0 1 0 1 0 
0 1 0 0 0 1 
0 1 1 0 1 1 
0 1 0 0 0 1 
1 0 0 0 0 1 
];
a32=[
0 0 0 1 0 0 
0 0 1 0 1 0 
0 1 1 0 0 1 
0 1 1 1 1 1 
0 1 0 0 0 1 
1 0 0 0 0 1 
];
a33=[
0 0 0 1 0 0 
0 0 1 0 1 0 
0 1 0 0 1 1 
0 1 1 1 1 1 
0 1 0 0 0 1 
1 0 0 0 0 1 
];
a34=[
0 0 0 1 0 0 
0 0 1 0 1 0 
0 1 0 1 0 1 
0 1 1 1 1 1 
0 1 0 0 0 1 
1 0 0 0 0 1 
];
a35=[
0 0 0 1 0 0 
0 0 1 0 0 0 
0 1 0 0 0 1 
0 1 1 1 1 1 
0 1 0 0 0 1 
1 0 0 0 0 1 
];
a36=[
0 0 0 1 0 0 
0 0 1 0 1 0 
0 1 0 0 0 1 
0 1 1 1 0 1 
0 1 0 0 0 1 
1 0 0 0 0 1 
];
a37=[
0 0 0 1 0 0 
0 0 1 0 1 0 
0 1 0 1 0 1 
0 1 1 1 1 1 
0 1 0 0 0 1 
1 0 0 0 0 1 
];
a38=[
0 0 0 1 0 0 
0 0 1 0 1 0 
0 1 0 0 0 0 
0 1 1 1 1 1 
0 1 0 0 0 1 
1 0 0 0 0 1 
];
a39=[
0 0 0 1 0 0 
0 0 1 0 1 0 
0 1 0 0 1 1 
0 1 1 1 1 1 
0 1 0 0 0 1 
1 0 0 0 0 1 
];
a40=[
0 0 0 1 0 0 
0 0 1 0 1 0 
0 0 0 0 0 1 
0 1 1 1 1 1 
0 1 0 0 0 1 
1 0 0 0 0 1 
];
a41=[
0 0 0 1 0 0 
0 0 1 0 1 0 
0 1 0 0 0 1 
0 1 1 1 1 1 
0 0 0 0 0 1 
1 0 0 0 0 1 
];
a42=[
0 0 0 1 0 0 
0 0 1 0 1 0 
0 1 0 0 0 1 
1 1 1 1 1 1 
0 1 0 0 0 1 
1 0 0 0 0 1 
];
a43=[
0 0 0 1 0 0 
0 0 1 0 1 0 
0 1 0 0 0 1 
0 1 0 1 1 1 
0 1 0 0 0 1 
1 0 0 0 0 1 
];
a44=[
0 0 0 1 0 0 
0 0 1 0 1 0 
0 1 0 0 0 1 
0 0 1 1 1 1 
0 1 0 0 0 1 
1 0 0 0 0 1 
];
a45=[
0 0 0 1 0 0 
0 0 1 0 1 0 
0 1 1 0 0 1 
0 1 1 1 1 1 
0 1 0 0 0 1 
1 0 0 0 0 1 
];
a46=[
0 0 0 1 0 0 
0 0 1 0 1 0 
0 1 0 0 0 1 
0 1 1 1 1 1 
0 1 1 0 0 1 
1 0 0 0 0 1 
];
a47=[
0 0 0 1 0 0 
0 0 1 0 1 0 
0 1 0 0 0 1 
0 0 1 1 1 1 
0 1 0 0 0 1 
1 0 0 0 0 1 
];
a48=[
0 0 0 1 0 0 
0 0 1 0 1 0 
0 1 0 0 0 1 
0 1 1 0 1 1 
0 1 0 0 0 1 
1 0 0 0 0 1 
];
a49=[
0 0 0 1 0 0 
0 0 1 0 1 0 
0 1 0 0 0 1 
0 1 0 1 1 1 
0 1 0 0 0 1 
1 0 0 0 0 1 
];
a50=[
0 0 0 1 0 0 
0 0 1 0 1 0 
0 1 0 1 0 1 
0 1 1 1 1 1 
0 1 0 0 0 1 
1 0 0 0 0 1 
];
a51=[
0 0 0 1 0 0 
0 0 1 0 1 0 
0 1 0 0 0 1 
0 1 1 1 1 1 
0 1 0 1 0 1 
1 0 0 0 0 1 
];
a52=[
0 0 0 1 0 0 
0 0 1 0 1 0 
0 1 0 0 0 1 
0 1 0 1 1 1 
0 1 0 0 0 1 
1 0 0 0 0 1 
];
a53=[
0 0 0 1 0 0 
0 0 1 0 1 0 
0 1 0 0 0 1 
0 1 1 1 0 1 
0 1 0 0 0 1 
1 0 0 0 0 1 
];
a54=[
0 0 0 1 0 0 
0 0 1 0 1 0 
0 1 0 0 0 1 
0 1 1 0 1 1 
0 1 0 0 0 1 
1 0 0 0 0 1 
];
a55=[
0 0 0 1 0 0 
0 0 1 0 1 0 
0 1 0 0 1 1 
0 1 1 1 1 1 
0 1 0 0 0 1 
1 0 0 0 0 1 
];
a56=[
0 0 0 1 0 0 
0 0 1 0 1 0 
0 1 0 0 0 1 
0 1 1 1 1 1 
0 1 0 0 1 1 
1 0 0 0 0 1 
];
a57=[
0 0 0 1 0 0 
0 0 1 0 1 0 
0 1 0 0 0 1 
0 1 1 0 1 1 
0 1 0 0 0 1 
1 0 0 0 0 1 
];
a58=[
0 0 0 1 0 0 
0 0 1 0 1 0 
0 1 0 0 0 1 
0 1 1 1 1 0 
0 1 0 0 0 1 
1 0 0 0 0 1 
];
a59=[
0 0 0 1 0 0 
0 0 1 0 1 0 
0 1 0 0 0 1 
0 1 1 1 0 1 
0 1 0 0 0 1 
1 0 0 0 0 1 
];
a60=[
0 0 0 1 0 0 
0 0 1 0 1 0 
0 1 0 0 0 1 
0 0 1 1 1 1 
0 1 0 0 0 1 
1 0 0 0 0 1 
];
a61=[
0 0 0 1 0 0 
0 0 1 0 1 0 
0 1 0 0 0 1 
0 1 1 1 1 1 
0 1 0 0 0 1 
1 1 0 0 0 1 
];
a62=[
0 0 0 1 0 0 
0 0 1 0 1 0 
0 1 0 0 0 1 
0 1 1 1 1 1 
1 1 0 0 0 1 
1 0 0 0 0 1 
];
a63=[
0 0 0 1 0 0 
0 0 1 0 1 0 
0 1 0 0 0 1 
0 1 1 1 1 1 
0 1 1 0 0 1 
1 0 0 0 0 1 
];
a64=[
0 0 0 1 0 0 
0 0 1 0 1 0 
0 1 0 0 0 1 
0 1 1 1 1 1 
0 0 0 0 0 1 
1 0 0 0 0 1 
];
a65=[
0 0 0 1 0 0 
0 0 1 0 1 0 
0 1 0 0 0 1 
0 1 0 1 1 1 
0 1 0 0 0 1 
1 0 0 0 0 1 
];
a66=[
0 0 0 1 0 0 
0 0 1 0 1 0 
0 1 0 0 0 1 
0 1 1 1 1 1 
0 1 0 0 0 1 
1 0 1 0 0 1 
];
a67=[
0 0 0 1 0 0 
0 0 1 0 1 0 
0 1 0 0 0 1 
0 1 1 1 1 1 
0 0 0 0 0 1 
1 0 0 0 0 1 
];
a68=[
0 0 0 1 0 0 
0 0 1 0 1 0 
0 1 0 0 0 1 
0 1 1 1 1 1 
0 1 0 1 0 1 
1 0 0 0 0 1 
];
a69=[
0 0 0 1 0 0 
0 0 1 0 1 0 
0 1 0 0 0 1 
0 1 1 1 1 1 
0 1 1 0 0 1 
1 0 0 0 0 1 
];
a70=[
0 0 0 1 0 0 
0 0 1 0 1 0 
0 1 0 0 0 1 
0 1 1 0 1 1 
0 1 0 0 0 1 
1 0 0 0 0 1 
];
a71=[
0 0 0 1 0 0 
0 0 1 0 1 0 
0 1 0 0 0 1 
0 1 1 1 1 1 
0 1 0 0 0 1 
1 0 0 1 0 1 
];
a72=[
0 0 0 1 0 0 
0 0 1 0 1 0 
0 1 0 0 0 1 
0 1 1 1 1 1 
0 1 1 0 0 1 
1 0 0 0 0 1 
];
a73=[
0 0 0 1 0 0 
0 0 1 0 1 0 
0 1 0 0 0 1 
0 1 1 1 1 1 
0 1 0 0 1 1 
1 0 0 0 0 1 
];
a74=[
0 0 0 1 0 0 
0 0 1 0 1 0 
0 1 0 0 0 1 
0 1 1 1 1 1 
0 1 0 1 0 1 
1 0 0 0 0 1 
];
a75=[
0 0 0 1 0 0 
0 0 1 0 1 0 
0 1 0 0 0 1 
0 1 1 1 0 1 
0 1 0 0 0 1 
1 0 0 0 0 1 
];
a76=[
0 0 0 1 0 0 
0 0 1 0 1 0 
0 1 0 0 0 1 
0 1 1 1 1 1 
0 1 0 0 0 1 
1 0 0 0 1 1 
];
a77=[
0 0 0 1 0 0 
0 0 1 0 1 0 
0 1 0 0 0 1 
0 1 1 1 1 1 
0 1 0 1 0 1 
1 0 0 0 0 1 
];
a78=[
0 0 0 1 0 0 
0 0 1 0 1 0 
0 1 0 0 0 1 
0 1 1 1 1 1 
0 1 0 0 0 0 
1 0 0 0 0 1 
];
a79=[
0 0 0 1 0 0 
0 0 1 0 1 0 
0 1 0 0 0 1 
0 1 1 1 1 1 
0 1 0 0 1 1 
1 0 0 0 0 1 
];
